{
 "cells": [
  {
   "attachments": {},
   "cell_type": "markdown",
   "metadata": {},
   "source": [
    "Copyright (C) 2023 Ming-Fong Sie <seansie07@gmail.com> & Yu-Jing Lin <elvisyjlin@gmail.com>\n",
    "\n",
    "This work is licensed under the Creative Commons Attribution-NonCommercial\n",
    "4.0 International License. To view a copy of this license, visit\n",
    "http://creativecommons.org/licenses/by-nc/4.0/ or send a letter to\n",
    "Creative Commons, PO Box 1866, Mountain View, CA 94042, USA."
   ]
  },
  {
   "attachments": {},
   "cell_type": "markdown",
   "metadata": {},
   "source": [
    "#### Some Abbreviations\n",
    "1. cm: confusion matrix\n",
    "2. rp: classification report\n",
    "3. fi: feature importance\n",
    "4. if: important features"
   ]
  },
  {
   "cell_type": "code",
   "execution_count": 1,
   "metadata": {},
   "outputs": [],
   "source": [
    "import pickle\n",
    "import os\n",
    "import numpy as np\n",
    "import pandas as pd\n",
    "import matplotlib.pyplot as plt\n",
    "import seaborn as sns\n",
    "from sklearn.metrics import classification_report, confusion_matrix\n",
    "\n",
    "# 定義讀取結果的函數\n",
    "def load_results(result_path, model_name, feature_type, scheme, cost_sensitive=False):\n",
    "    experiment_name = os.path.join(result_path, '{}.{}.{}'.format(model_name, feature_type, scheme))\n",
    "    # if not cost_sensitive:\n",
    "    #     experiment_name += '.no_cs'\n",
    "    results_path = experiment_name + '.pkl'\n",
    "    \n",
    "    with open(results_path, 'rb') as file:\n",
    "        results = pickle.load(file)\n",
    "    \n",
    "    return results, experiment_name\n",
    "\n",
    "# 定義顯示混淆矩陣列表的函數\n",
    "def show_cm_list(cm_list, class_names):\n",
    "    if len(cm_list) == 0:\n",
    "        raise ValueError(\"cm_list is empty\")\n",
    "    \n",
    "    # 確保每個混淆矩陣都是 2D 的\n",
    "    for cm in cm_list:\n",
    "        if cm.ndim != 2:\n",
    "            raise ValueError(f\"Confusion matrix in cm_list is not 2D. Shape={cm.shape}\")\n",
    "\n",
    "    avg_cm = np.mean(cm_list, axis=0)\n",
    "    fig, ax = plt.subplots(figsize=(8, 8))\n",
    "    sns.heatmap(avg_cm, annot=True, fmt='.2f', cmap='viridis', xticklabels=class_names, yticklabels=class_names, ax=ax)\n",
    "    plt.xlabel('Predicted')\n",
    "    plt.ylabel('True')\n",
    "    plt.title('Average Confusion Matrix')\n",
    "    plt.show()\n",
    "\n",
    "# 定義顯示分類報告和準確率的函數\n",
    "def show_rp_list_and_accuracies(rp_list, cm_list, class_names):\n",
    "    class_names_list = list(class_names)  # Convert class_names to a list for index access\n",
    "    summed_metrics, avg_metrics = {}, {}\n",
    "    summed_category_accuracies = {category: 0 for category in class_names}\n",
    "    summed_accuracy = 0\n",
    "\n",
    "    for report in rp_list:\n",
    "        for category, metrics in report.items():\n",
    "            if category == 'accuracy':\n",
    "                summed_accuracy += metrics\n",
    "                continue\n",
    "\n",
    "            if category in class_names_list and isinstance(metrics, dict):\n",
    "                if category not in summed_metrics:\n",
    "                    summed_metrics[category] = {key: 0 for key in metrics if key != 'support'}\n",
    "                for metric, value in metrics.items():\n",
    "                    if metric != 'support':\n",
    "                        summed_metrics[category][metric] += value\n",
    "\n",
    "    for cm in cm_list:\n",
    "        for i, category in enumerate(class_names_list):\n",
    "            if category in summed_metrics:  # Ensure category exists in the metrics dictionary\n",
    "                TP = cm[i, i]\n",
    "                TN = cm.sum() - (cm[i, :].sum() + cm[:, i].sum() - TP)\n",
    "                FP = cm[:, i].sum() - TP\n",
    "                FN = cm[i, :].sum() - TP\n",
    "                accuracy = (TP + TN) / float(TP + TN + FP + FN) if (TP + TN + FP + FN) > 0 else 0\n",
    "                summed_category_accuracies[category] += accuracy\n",
    "\n",
    "    # Calculate average metrics and accuracies\n",
    "    for category in class_names_list:\n",
    "        if category in summed_metrics:\n",
    "            avg_metrics[category] = {metric: summed_metrics[category][metric] / len(rp_list) for metric in ['precision', 'recall', 'f1-score']}\n",
    "    \n",
    "    # Calculate macro and weighted averages\n",
    "    macro_avg = {metric: sum(avg_metrics[cat][metric] for cat in class_names_list) / len(class_names_list) for metric in ['precision', 'recall', 'f1-score']}\n",
    "    weighted_avg = {metric: sum(avg_metrics[cat][metric] * summed_category_accuracies[cat] for cat in class_names_list) / sum(summed_category_accuracies.values()) for metric in ['precision', 'recall', 'f1-score']}\n",
    "    \n",
    "    # Append macro and weighted averages to avg_metrics\n",
    "    avg_metrics['macro avg'] = macro_avg\n",
    "    avg_metrics['weighted avg'] = weighted_avg\n",
    "\n",
    "    avg_accuracy = summed_accuracy / len(rp_list) if len(rp_list) > 0 else 0\n",
    "    avg_category_accuracies = {category: summed_category_accuracies[category] / len(cm_list) for category in class_names_list}\n",
    "\n",
    "    return avg_metrics, avg_category_accuracies, avg_accuracy"
   ]
  },
  {
   "cell_type": "code",
   "execution_count": 2,
   "metadata": {},
   "outputs": [
    {
     "name": "stdout",
     "output_type": "stream",
     "text": [
      "Loaded results: {'train_cm_list': [array([[9.29421679e-01, 0.00000000e+00, 1.10607816e-02, 1.71178763e-02,\n",
      "        4.08195512e-02, 1.58011166e-03],\n",
      "       [7.59398496e-01, 4.26065163e-02, 1.00250627e-02, 9.02255639e-02,\n",
      "        8.77192982e-02, 1.00250627e-02],\n",
      "       [5.60821485e-01, 0.00000000e+00, 1.47551343e-01, 4.48657188e-02,\n",
      "        2.46129542e-01, 6.31911532e-04],\n",
      "       [6.83497537e-02, 0.00000000e+00, 1.23152709e-03, 8.47906404e-01,\n",
      "        7.88177340e-02, 3.69458128e-03],\n",
      "       [2.74885464e-02, 0.00000000e+00, 8.12161599e-03, 6.95543524e-02,\n",
      "        8.94002499e-01, 8.32986256e-04],\n",
      "       [9.23913043e-02, 2.71739130e-03, 5.43478261e-03, 1.46739130e-01,\n",
      "        2.39130435e-01, 5.13586957e-01]]), array([[9.42799958e-01, 5.26703887e-05, 4.58232382e-03, 1.45370273e-02,\n",
      "        3.70272833e-02, 1.00073739e-03],\n",
      "       [7.73869347e-01, 4.77386935e-02, 7.53768844e-03, 8.54271357e-02,\n",
      "        8.04020101e-02, 5.02512563e-03],\n",
      "       [5.96336071e-01, 0.00000000e+00, 1.29816804e-01, 4.45356917e-02,\n",
      "        2.28679722e-01, 6.31711939e-04],\n",
      "       [6.40394089e-02, 0.00000000e+00, 1.84729064e-03, 8.46059113e-01,\n",
      "        8.12807882e-02, 6.77339901e-03],\n",
      "       [2.22777431e-02, 0.00000000e+00, 1.56152405e-02, 6.24609619e-02,\n",
      "        8.99229648e-01, 4.16406413e-04],\n",
      "       [9.91847826e-02, 0.00000000e+00, 4.07608696e-03, 1.23641304e-01,\n",
      "        2.32336957e-01, 5.40760870e-01]]), array([[9.34162014e-01, 5.26703887e-05, 8.53260297e-03, 2.15948594e-03,\n",
      "        5.34604445e-02, 1.63278205e-03],\n",
      "       [7.21105528e-01, 4.27135678e-02, 1.00502513e-02, 7.53768844e-03,\n",
      "        2.11055276e-01, 7.53768844e-03],\n",
      "       [5.60328490e-01, 0.00000000e+00, 1.54453569e-01, 9.47567909e-04,\n",
      "        2.83638661e-01, 6.31711939e-04],\n",
      "       [4.49507389e-02, 0.00000000e+00, 3.69458128e-03, 5.54187192e-01,\n",
      "        3.88546798e-01, 8.62068966e-03],\n",
      "       [1.51988341e-02, 0.00000000e+00, 1.54070373e-02, 0.00000000e+00,\n",
      "        9.68353113e-01, 1.04101603e-03],\n",
      "       [5.57065217e-02, 0.00000000e+00, 4.07608696e-03, 6.79347826e-02,\n",
      "        3.23369565e-01, 5.48913043e-01]]), array([[9.42960973e-01, 5.26676147e-05, 5.53009954e-03, 1.78543214e-02,\n",
      "        3.20745773e-02, 1.52736083e-03],\n",
      "       [7.78894472e-01, 3.76884422e-02, 7.53768844e-03, 1.08040201e-01,\n",
      "        5.52763819e-02, 1.25628141e-02],\n",
      "       [6.09917877e-01, 0.00000000e+00, 1.45925458e-01, 4.57991156e-02,\n",
      "        1.98041693e-01, 3.15855970e-04],\n",
      "       [6.46551724e-02, 0.00000000e+00, 2.46305419e-03, 8.52832512e-01,\n",
      "        7.45073892e-02, 5.54187192e-03],\n",
      "       [2.66555602e-02, 0.00000000e+00, 1.39525198e-02, 6.85131195e-02,\n",
      "        8.89837568e-01, 1.04123282e-03],\n",
      "       [1.10054348e-01, 0.00000000e+00, 4.07608696e-03, 1.25000000e-01,\n",
      "        2.28260870e-01, 5.32608696e-01]]), array([[9.38220888e-01, 5.26676147e-05, 5.10875862e-03, 1.10601991e-02,\n",
      "        4.39247906e-02, 1.63269606e-03],\n",
      "       [7.24310777e-01, 5.76441103e-02, 1.00250627e-02, 6.51629073e-02,\n",
      "        1.32832080e-01, 1.00250627e-02],\n",
      "       [5.90837283e-01, 0.00000000e+00, 1.33965245e-01, 2.43285940e-02,\n",
      "        2.49289100e-01, 1.57977883e-03],\n",
      "       [3.87931034e-02, 0.00000000e+00, 1.23152709e-03, 8.31280788e-01,\n",
      "        1.18226601e-01, 1.04679803e-02],\n",
      "       [2.60308205e-02, 0.00000000e+00, 2.33236152e-02, 3.97750937e-02,\n",
      "        9.10245731e-01, 6.24739692e-04],\n",
      "       [6.92934783e-02, 0.00000000e+00, 4.07608696e-03, 1.33152174e-01,\n",
      "        2.50000000e-01, 5.43478261e-01]])], 'valid_cm_list': [array([[9.33220982e-01, 2.10659364e-04, 1.01116495e-02, 1.68527491e-02,\n",
      "        3.66547293e-02, 2.94923109e-03],\n",
      "       [8.28282828e-01, 0.00000000e+00, 2.02020202e-02, 5.05050505e-02,\n",
      "        1.01010101e-01, 0.00000000e+00],\n",
      "       [5.49242424e-01, 0.00000000e+00, 1.36363636e-01, 4.79797980e-02,\n",
      "        2.65151515e-01, 1.26262626e-03],\n",
      "       [7.38916256e-02, 0.00000000e+00, 2.46305419e-03, 8.32512315e-01,\n",
      "        7.63546798e-02, 1.47783251e-02],\n",
      "       [2.74771024e-02, 0.00000000e+00, 1.24895920e-02, 6.57785179e-02,\n",
      "        8.93422148e-01, 8.32639467e-04],\n",
      "       [1.95652174e-01, 0.00000000e+00, 0.00000000e+00, 1.14130435e-01,\n",
      "        2.33695652e-01, 4.56521739e-01]]), array([[9.31114388e-01, 6.31978091e-04, 6.10912155e-03, 1.87486834e-02,\n",
      "        4.08679166e-02, 2.52791237e-03],\n",
      "       [7.60000000e-01, 0.00000000e+00, 0.00000000e+00, 1.20000000e-01,\n",
      "        1.20000000e-01, 0.00000000e+00],\n",
      "       [6.19469027e-01, 0.00000000e+00, 1.44121365e-01, 2.52844501e-02,\n",
      "        2.11125158e-01, 0.00000000e+00],\n",
      "       [7.38916256e-02, 0.00000000e+00, 0.00000000e+00, 8.22660099e-01,\n",
      "        9.11330049e-02, 1.23152709e-02],\n",
      "       [2.66666667e-02, 0.00000000e+00, 1.83333333e-02, 6.66666667e-02,\n",
      "        8.87500000e-01, 8.33333333e-04],\n",
      "       [1.25000000e-01, 0.00000000e+00, 1.08695652e-02, 1.63043478e-01,\n",
      "        2.82608696e-01, 4.18478261e-01]]), array([[9.27743838e-01, 6.31978091e-04, 9.05835264e-03, 4.21318728e-03,\n",
      "        5.49820940e-02, 3.37054982e-03],\n",
      "       [8.10000000e-01, 0.00000000e+00, 2.00000000e-02, 0.00000000e+00,\n",
      "        1.50000000e-01, 2.00000000e-02],\n",
      "       [5.62579014e-01, 0.00000000e+00, 1.32743363e-01, 0.00000000e+00,\n",
      "        3.02149178e-01, 2.52844501e-03],\n",
      "       [6.89655172e-02, 0.00000000e+00, 2.46305419e-03, 5.39408867e-01,\n",
      "        3.79310345e-01, 9.85221675e-03],\n",
      "       [1.41666667e-02, 0.00000000e+00, 6.66666667e-03, 0.00000000e+00,\n",
      "        9.76666667e-01, 2.50000000e-03],\n",
      "       [1.14130435e-01, 0.00000000e+00, 0.00000000e+00, 9.78260870e-02,\n",
      "        3.04347826e-01, 4.83695652e-01]]), array([[9.39317320e-01, 4.21407501e-04, 5.89970501e-03, 1.91740413e-02,\n",
      "        3.24483776e-02, 2.73914876e-03],\n",
      "       [8.00000000e-01, 1.00000000e-02, 1.00000000e-02, 1.10000000e-01,\n",
      "        6.00000000e-02, 1.00000000e-02],\n",
      "       [6.08091024e-01, 0.00000000e+00, 1.40328698e-01, 4.93046776e-02,\n",
      "        1.99747155e-01, 2.52844501e-03],\n",
      "       [9.11330049e-02, 0.00000000e+00, 0.00000000e+00, 8.49753695e-01,\n",
      "        5.17241379e-02, 7.38916256e-03],\n",
      "       [3.33055787e-02, 0.00000000e+00, 2.58118235e-02, 6.99417152e-02,\n",
      "        8.66777685e-01, 4.16319734e-03],\n",
      "       [1.35869565e-01, 0.00000000e+00, 0.00000000e+00, 1.46739130e-01,\n",
      "        2.17391304e-01, 5.00000000e-01]]), array([[9.38895912e-01, 4.21407501e-04, 4.42477876e-03, 1.28529288e-02,\n",
      "        4.23514539e-02, 1.05351875e-03],\n",
      "       [7.87878788e-01, 2.02020202e-02, 1.01010101e-02, 7.07070707e-02,\n",
      "        1.01010101e-01, 1.01010101e-02],\n",
      "       [6.02272727e-01, 1.26262626e-03, 1.27525253e-01, 3.53535354e-02,\n",
      "        2.33585859e-01, 0.00000000e+00],\n",
      "       [6.65024631e-02, 0.00000000e+00, 2.46305419e-03, 8.10344828e-01,\n",
      "        1.00985222e-01, 1.97044335e-02],\n",
      "       [2.41465445e-02, 0.00000000e+00, 2.16486261e-02, 4.16319734e-02,\n",
      "        9.11740216e-01, 8.32639467e-04],\n",
      "       [9.23913043e-02, 0.00000000e+00, 2.17391304e-02, 1.03260870e-01,\n",
      "        2.71739130e-01, 5.10869565e-01]])], 'train_rp_list': [], 'valid_rp_list': [{'Exchange': {'precision': 0.8779231074118113, 'recall': 0.9332209816726353, 'f1-score': 0.9047278668436638, 'support': 4747.0}, 'Faucet': {'precision': 0.0, 'recall': 0.0, 'f1-score': 0.0, 'support': 99.0}, 'Gambling': {'precision': 0.6206896551724138, 'recall': 0.13636363636363635, 'f1-score': 0.22360248447204967, 'support': 792.0}, 'Market': {'precision': 0.6024955436720143, 'recall': 0.8325123152709359, 'f1-score': 0.6990692864529473, 'support': 406.0}, 'Mixer': {'precision': 0.6963011031797534, 'recall': 0.8934221482098251, 'f1-score': 0.7826404084609774, 'support': 1201.0}, 'Pool': {'precision': 0.7924528301886793, 'recall': 0.45652173913043476, 'f1-score': 0.5793103448275861, 'support': 184.0}, 'accuracy': 0.8120877641674519, 'macro avg': {'precision': 0.5983103732707787, 'recall': 0.5420068034412445, 'f1-score': 0.5315583985095373, 'support': 7429.0}, 'weighted avg': {'precision': 0.7922693948290294, 'recall': 0.8120877641674519, 'f1-score': 0.7810206913337651, 'support': 7429.0}}, {'Exchange': {'precision': 0.8716229540524552, 'recall': 0.9311143880345482, 'f1-score': 0.9003870442045224, 'support': 4747.0}, 'Faucet': {'precision': 0.0, 'recall': 0.0, 'f1-score': 0.0, 'support': 100.0}, 'Gambling': {'precision': 0.6826347305389222, 'recall': 0.14412136536030343, 'f1-score': 0.23799582463465557, 'support': 791.0}, 'Market': {'precision': 0.5911504424778761, 'recall': 0.8226600985221675, 'f1-score': 0.6879505664263644, 'support': 406.0}, 'Mixer': {'precision': 0.6974459724950884, 'recall': 0.8875, 'f1-score': 0.7810781078107811, 'support': 1200.0}, 'Pool': {'precision': 0.8105263157894737, 'recall': 0.41847826086956524, 'f1-score': 0.5519713261648745, 'support': 184.0}, 'accuracy': 0.8091007000538503, 'macro avg': {'precision': 0.6088967358923026, 'recall': 0.5339790187977641, 'f1-score': 0.5265638115401997, 'support': 7428.0}, 'weighted avg': {'precision': 0.7947815459731663, 'recall': 0.8091007000538503, 'f1-score': 0.7782116827519197, 'support': 7428.0}}, {'Exchange': {'precision': 0.8815052041633307, 'recall': 0.9277438382136086, 'f1-score': 0.9040336651955251, 'support': 4747.0}, 'Faucet': {'precision': 0.0, 'recall': 0.0, 'f1-score': 0.0, 'support': 100.0}, 'Gambling': {'precision': 0.660377358490566, 'recall': 0.13274336283185842, 'f1-score': 0.22105263157894742, 'support': 791.0}, 'Market': {'precision': 0.8521400778210116, 'recall': 0.5394088669950738, 'f1-score': 0.6606334841628958, 'support': 406.0}, 'Mixer': {'precision': 0.6178176067474961, 'recall': 0.9766666666666667, 'f1-score': 0.7568614788505005, 'support': 1200.0}, 'Pool': {'precision': 0.7672413793103449, 'recall': 0.483695652173913, 'f1-score': 0.5933333333333333, 'support': 184.0}, 'accuracy': 0.8062735595045772, 'macro avg': {'precision': 0.6298469377554582, 'recall': 0.5100430644801868, 'f1-score': 0.522652432186867, 'support': 7428.0}, 'weighted avg': {'precision': 0.7990557496250401, 'recall': 0.8062735595045772, 'f1-score': 0.7743571274617898, 'support': 7428.0}}, {'Exchange': {'precision': 0.8705330990041008, 'recall': 0.9393173198482933, 'f1-score': 0.9036181210094254, 'support': 4746.0}, 'Faucet': {'precision': 0.3333333333333333, 'recall': 0.01, 'f1-score': 0.019417475728155338, 'support': 100.0}, 'Gambling': {'precision': 0.6491228070175439, 'recall': 0.14032869785082175, 'f1-score': 0.23076923076923075, 'support': 791.0}, 'Market': {'precision': 0.5778894472361809, 'recall': 0.8497536945812808, 'f1-score': 0.6879361914257229, 'support': 406.0}, 'Mixer': {'precision': 0.7330985915492958, 'recall': 0.8667776852622814, 'f1-score': 0.7943533002670736, 'support': 1201.0}, 'Pool': {'precision': 0.7931034482758621, 'recall': 0.5, 'f1-score': 0.6133333333333334, 'support': 184.0}, 'accuracy': 0.81421647819063, 'macro avg': {'precision': 0.6595134544027195, 'recall': 0.5510295662571129, 'f1-score': 0.5415712754221569, 'support': 7428.0}, 'weighted avg': {'precision': 0.7995887345273325, 'recall': 0.81421647819063, 'f1-score': 0.7834175487473, 'support': 7428.0}}, {'Exchange': {'precision': 0.8764752163650669, 'recall': 0.9388959123472398, 'f1-score': 0.9066124109867751, 'support': 4746.0}, 'Faucet': {'precision': 0.4, 'recall': 0.020202020202020204, 'f1-score': 0.038461538461538464, 'support': 99.0}, 'Gambling': {'precision': 0.6558441558441559, 'recall': 0.1275252525252525, 'f1-score': 0.2135306553911205, 'support': 792.0}, 'Market': {'precision': 0.6659919028340081, 'recall': 0.8103448275862069, 'f1-score': 0.7311111111111112, 'support': 406.0}, 'Mixer': {'precision': 0.6921618204804045, 'recall': 0.9117402164862615, 'f1-score': 0.7869205892921308, 'support': 1201.0}, 'Pool': {'precision': 0.8623853211009175, 'recall': 0.5108695652173914, 'f1-score': 0.6416382252559728, 'support': 184.0}, 'accuracy': 0.8181206246634356, 'macro avg': {'precision': 0.6921430694374254, 'recall': 0.5532629657273954, 'f1-score': 0.5530457550831082, 'support': 7428.0}, 'weighted avg': {'precision': 0.8049458678415888, 'recall': 0.8181206246634356, 'f1-score': 0.785634174235158, 'support': 7428.0}}], 'fi_list': [], 'train_auc_list': [0.9327628376399392, 0.9422483298327702, 0.9383249431508007, 0.9404817500822471, 0.9393009544922943], 'valid_auc_list': [0.9046598571801931, 0.915943797990213, 0.919130924702284, 0.9279498429176359, 0.9244281933503146], 'y_valid': array([4, 0, 0, ..., 0, 2, 0], dtype=int64), 'y_valid_prob': array([[4.34586704e-02, 7.93493004e-04, 1.50911482e-02, 3.84094240e-03,\n",
      "        9.26532269e-01, 1.02834692e-02],\n",
      "       [9.98788059e-01, 2.98958650e-04, 6.58102741e-04, 6.70820591e-05,\n",
      "        1.22721161e-04, 6.51186856e-05],\n",
      "       [9.98681366e-01, 8.86472626e-05, 1.43214595e-04, 7.80828705e-04,\n",
      "        1.20978926e-04, 1.84981196e-04],\n",
      "       ...,\n",
      "       [9.27285552e-01, 1.04900450e-03, 5.97248040e-02, 7.98731868e-04,\n",
      "        1.09983487e-02, 1.43663783e-04],\n",
      "       [9.71348703e-01, 3.59839032e-04, 2.82740779e-02, 4.65802395e-06,\n",
      "        4.13639640e-07, 1.22665379e-05],\n",
      "       [8.02492738e-01, 4.63245437e-03, 1.88547820e-01, 1.74017344e-03,\n",
      "        1.81988638e-03, 7.66972080e-04]], dtype=float32)}\n",
      "Loaded model: {'train_cm_list': [array([[9.29421679e-01, 0.00000000e+00, 1.10607816e-02, 1.71178763e-02,\n",
      "        4.08195512e-02, 1.58011166e-03],\n",
      "       [7.59398496e-01, 4.26065163e-02, 1.00250627e-02, 9.02255639e-02,\n",
      "        8.77192982e-02, 1.00250627e-02],\n",
      "       [5.60821485e-01, 0.00000000e+00, 1.47551343e-01, 4.48657188e-02,\n",
      "        2.46129542e-01, 6.31911532e-04],\n",
      "       [6.83497537e-02, 0.00000000e+00, 1.23152709e-03, 8.47906404e-01,\n",
      "        7.88177340e-02, 3.69458128e-03],\n",
      "       [2.74885464e-02, 0.00000000e+00, 8.12161599e-03, 6.95543524e-02,\n",
      "        8.94002499e-01, 8.32986256e-04],\n",
      "       [9.23913043e-02, 2.71739130e-03, 5.43478261e-03, 1.46739130e-01,\n",
      "        2.39130435e-01, 5.13586957e-01]]), array([[9.42799958e-01, 5.26703887e-05, 4.58232382e-03, 1.45370273e-02,\n",
      "        3.70272833e-02, 1.00073739e-03],\n",
      "       [7.73869347e-01, 4.77386935e-02, 7.53768844e-03, 8.54271357e-02,\n",
      "        8.04020101e-02, 5.02512563e-03],\n",
      "       [5.96336071e-01, 0.00000000e+00, 1.29816804e-01, 4.45356917e-02,\n",
      "        2.28679722e-01, 6.31711939e-04],\n",
      "       [6.40394089e-02, 0.00000000e+00, 1.84729064e-03, 8.46059113e-01,\n",
      "        8.12807882e-02, 6.77339901e-03],\n",
      "       [2.22777431e-02, 0.00000000e+00, 1.56152405e-02, 6.24609619e-02,\n",
      "        8.99229648e-01, 4.16406413e-04],\n",
      "       [9.91847826e-02, 0.00000000e+00, 4.07608696e-03, 1.23641304e-01,\n",
      "        2.32336957e-01, 5.40760870e-01]]), array([[9.34162014e-01, 5.26703887e-05, 8.53260297e-03, 2.15948594e-03,\n",
      "        5.34604445e-02, 1.63278205e-03],\n",
      "       [7.21105528e-01, 4.27135678e-02, 1.00502513e-02, 7.53768844e-03,\n",
      "        2.11055276e-01, 7.53768844e-03],\n",
      "       [5.60328490e-01, 0.00000000e+00, 1.54453569e-01, 9.47567909e-04,\n",
      "        2.83638661e-01, 6.31711939e-04],\n",
      "       [4.49507389e-02, 0.00000000e+00, 3.69458128e-03, 5.54187192e-01,\n",
      "        3.88546798e-01, 8.62068966e-03],\n",
      "       [1.51988341e-02, 0.00000000e+00, 1.54070373e-02, 0.00000000e+00,\n",
      "        9.68353113e-01, 1.04101603e-03],\n",
      "       [5.57065217e-02, 0.00000000e+00, 4.07608696e-03, 6.79347826e-02,\n",
      "        3.23369565e-01, 5.48913043e-01]]), array([[9.42960973e-01, 5.26676147e-05, 5.53009954e-03, 1.78543214e-02,\n",
      "        3.20745773e-02, 1.52736083e-03],\n",
      "       [7.78894472e-01, 3.76884422e-02, 7.53768844e-03, 1.08040201e-01,\n",
      "        5.52763819e-02, 1.25628141e-02],\n",
      "       [6.09917877e-01, 0.00000000e+00, 1.45925458e-01, 4.57991156e-02,\n",
      "        1.98041693e-01, 3.15855970e-04],\n",
      "       [6.46551724e-02, 0.00000000e+00, 2.46305419e-03, 8.52832512e-01,\n",
      "        7.45073892e-02, 5.54187192e-03],\n",
      "       [2.66555602e-02, 0.00000000e+00, 1.39525198e-02, 6.85131195e-02,\n",
      "        8.89837568e-01, 1.04123282e-03],\n",
      "       [1.10054348e-01, 0.00000000e+00, 4.07608696e-03, 1.25000000e-01,\n",
      "        2.28260870e-01, 5.32608696e-01]]), array([[9.38220888e-01, 5.26676147e-05, 5.10875862e-03, 1.10601991e-02,\n",
      "        4.39247906e-02, 1.63269606e-03],\n",
      "       [7.24310777e-01, 5.76441103e-02, 1.00250627e-02, 6.51629073e-02,\n",
      "        1.32832080e-01, 1.00250627e-02],\n",
      "       [5.90837283e-01, 0.00000000e+00, 1.33965245e-01, 2.43285940e-02,\n",
      "        2.49289100e-01, 1.57977883e-03],\n",
      "       [3.87931034e-02, 0.00000000e+00, 1.23152709e-03, 8.31280788e-01,\n",
      "        1.18226601e-01, 1.04679803e-02],\n",
      "       [2.60308205e-02, 0.00000000e+00, 2.33236152e-02, 3.97750937e-02,\n",
      "        9.10245731e-01, 6.24739692e-04],\n",
      "       [6.92934783e-02, 0.00000000e+00, 4.07608696e-03, 1.33152174e-01,\n",
      "        2.50000000e-01, 5.43478261e-01]])], 'valid_cm_list': [array([[9.33220982e-01, 2.10659364e-04, 1.01116495e-02, 1.68527491e-02,\n",
      "        3.66547293e-02, 2.94923109e-03],\n",
      "       [8.28282828e-01, 0.00000000e+00, 2.02020202e-02, 5.05050505e-02,\n",
      "        1.01010101e-01, 0.00000000e+00],\n",
      "       [5.49242424e-01, 0.00000000e+00, 1.36363636e-01, 4.79797980e-02,\n",
      "        2.65151515e-01, 1.26262626e-03],\n",
      "       [7.38916256e-02, 0.00000000e+00, 2.46305419e-03, 8.32512315e-01,\n",
      "        7.63546798e-02, 1.47783251e-02],\n",
      "       [2.74771024e-02, 0.00000000e+00, 1.24895920e-02, 6.57785179e-02,\n",
      "        8.93422148e-01, 8.32639467e-04],\n",
      "       [1.95652174e-01, 0.00000000e+00, 0.00000000e+00, 1.14130435e-01,\n",
      "        2.33695652e-01, 4.56521739e-01]]), array([[9.31114388e-01, 6.31978091e-04, 6.10912155e-03, 1.87486834e-02,\n",
      "        4.08679166e-02, 2.52791237e-03],\n",
      "       [7.60000000e-01, 0.00000000e+00, 0.00000000e+00, 1.20000000e-01,\n",
      "        1.20000000e-01, 0.00000000e+00],\n",
      "       [6.19469027e-01, 0.00000000e+00, 1.44121365e-01, 2.52844501e-02,\n",
      "        2.11125158e-01, 0.00000000e+00],\n",
      "       [7.38916256e-02, 0.00000000e+00, 0.00000000e+00, 8.22660099e-01,\n",
      "        9.11330049e-02, 1.23152709e-02],\n",
      "       [2.66666667e-02, 0.00000000e+00, 1.83333333e-02, 6.66666667e-02,\n",
      "        8.87500000e-01, 8.33333333e-04],\n",
      "       [1.25000000e-01, 0.00000000e+00, 1.08695652e-02, 1.63043478e-01,\n",
      "        2.82608696e-01, 4.18478261e-01]]), array([[9.27743838e-01, 6.31978091e-04, 9.05835264e-03, 4.21318728e-03,\n",
      "        5.49820940e-02, 3.37054982e-03],\n",
      "       [8.10000000e-01, 0.00000000e+00, 2.00000000e-02, 0.00000000e+00,\n",
      "        1.50000000e-01, 2.00000000e-02],\n",
      "       [5.62579014e-01, 0.00000000e+00, 1.32743363e-01, 0.00000000e+00,\n",
      "        3.02149178e-01, 2.52844501e-03],\n",
      "       [6.89655172e-02, 0.00000000e+00, 2.46305419e-03, 5.39408867e-01,\n",
      "        3.79310345e-01, 9.85221675e-03],\n",
      "       [1.41666667e-02, 0.00000000e+00, 6.66666667e-03, 0.00000000e+00,\n",
      "        9.76666667e-01, 2.50000000e-03],\n",
      "       [1.14130435e-01, 0.00000000e+00, 0.00000000e+00, 9.78260870e-02,\n",
      "        3.04347826e-01, 4.83695652e-01]]), array([[9.39317320e-01, 4.21407501e-04, 5.89970501e-03, 1.91740413e-02,\n",
      "        3.24483776e-02, 2.73914876e-03],\n",
      "       [8.00000000e-01, 1.00000000e-02, 1.00000000e-02, 1.10000000e-01,\n",
      "        6.00000000e-02, 1.00000000e-02],\n",
      "       [6.08091024e-01, 0.00000000e+00, 1.40328698e-01, 4.93046776e-02,\n",
      "        1.99747155e-01, 2.52844501e-03],\n",
      "       [9.11330049e-02, 0.00000000e+00, 0.00000000e+00, 8.49753695e-01,\n",
      "        5.17241379e-02, 7.38916256e-03],\n",
      "       [3.33055787e-02, 0.00000000e+00, 2.58118235e-02, 6.99417152e-02,\n",
      "        8.66777685e-01, 4.16319734e-03],\n",
      "       [1.35869565e-01, 0.00000000e+00, 0.00000000e+00, 1.46739130e-01,\n",
      "        2.17391304e-01, 5.00000000e-01]]), array([[9.38895912e-01, 4.21407501e-04, 4.42477876e-03, 1.28529288e-02,\n",
      "        4.23514539e-02, 1.05351875e-03],\n",
      "       [7.87878788e-01, 2.02020202e-02, 1.01010101e-02, 7.07070707e-02,\n",
      "        1.01010101e-01, 1.01010101e-02],\n",
      "       [6.02272727e-01, 1.26262626e-03, 1.27525253e-01, 3.53535354e-02,\n",
      "        2.33585859e-01, 0.00000000e+00],\n",
      "       [6.65024631e-02, 0.00000000e+00, 2.46305419e-03, 8.10344828e-01,\n",
      "        1.00985222e-01, 1.97044335e-02],\n",
      "       [2.41465445e-02, 0.00000000e+00, 2.16486261e-02, 4.16319734e-02,\n",
      "        9.11740216e-01, 8.32639467e-04],\n",
      "       [9.23913043e-02, 0.00000000e+00, 2.17391304e-02, 1.03260870e-01,\n",
      "        2.71739130e-01, 5.10869565e-01]])], 'train_rp_list': [], 'valid_rp_list': [{'Exchange': {'precision': 0.8779231074118113, 'recall': 0.9332209816726353, 'f1-score': 0.9047278668436638, 'support': 4747.0}, 'Faucet': {'precision': 0.0, 'recall': 0.0, 'f1-score': 0.0, 'support': 99.0}, 'Gambling': {'precision': 0.6206896551724138, 'recall': 0.13636363636363635, 'f1-score': 0.22360248447204967, 'support': 792.0}, 'Market': {'precision': 0.6024955436720143, 'recall': 0.8325123152709359, 'f1-score': 0.6990692864529473, 'support': 406.0}, 'Mixer': {'precision': 0.6963011031797534, 'recall': 0.8934221482098251, 'f1-score': 0.7826404084609774, 'support': 1201.0}, 'Pool': {'precision': 0.7924528301886793, 'recall': 0.45652173913043476, 'f1-score': 0.5793103448275861, 'support': 184.0}, 'accuracy': 0.8120877641674519, 'macro avg': {'precision': 0.5983103732707787, 'recall': 0.5420068034412445, 'f1-score': 0.5315583985095373, 'support': 7429.0}, 'weighted avg': {'precision': 0.7922693948290294, 'recall': 0.8120877641674519, 'f1-score': 0.7810206913337651, 'support': 7429.0}}, {'Exchange': {'precision': 0.8716229540524552, 'recall': 0.9311143880345482, 'f1-score': 0.9003870442045224, 'support': 4747.0}, 'Faucet': {'precision': 0.0, 'recall': 0.0, 'f1-score': 0.0, 'support': 100.0}, 'Gambling': {'precision': 0.6826347305389222, 'recall': 0.14412136536030343, 'f1-score': 0.23799582463465557, 'support': 791.0}, 'Market': {'precision': 0.5911504424778761, 'recall': 0.8226600985221675, 'f1-score': 0.6879505664263644, 'support': 406.0}, 'Mixer': {'precision': 0.6974459724950884, 'recall': 0.8875, 'f1-score': 0.7810781078107811, 'support': 1200.0}, 'Pool': {'precision': 0.8105263157894737, 'recall': 0.41847826086956524, 'f1-score': 0.5519713261648745, 'support': 184.0}, 'accuracy': 0.8091007000538503, 'macro avg': {'precision': 0.6088967358923026, 'recall': 0.5339790187977641, 'f1-score': 0.5265638115401997, 'support': 7428.0}, 'weighted avg': {'precision': 0.7947815459731663, 'recall': 0.8091007000538503, 'f1-score': 0.7782116827519197, 'support': 7428.0}}, {'Exchange': {'precision': 0.8815052041633307, 'recall': 0.9277438382136086, 'f1-score': 0.9040336651955251, 'support': 4747.0}, 'Faucet': {'precision': 0.0, 'recall': 0.0, 'f1-score': 0.0, 'support': 100.0}, 'Gambling': {'precision': 0.660377358490566, 'recall': 0.13274336283185842, 'f1-score': 0.22105263157894742, 'support': 791.0}, 'Market': {'precision': 0.8521400778210116, 'recall': 0.5394088669950738, 'f1-score': 0.6606334841628958, 'support': 406.0}, 'Mixer': {'precision': 0.6178176067474961, 'recall': 0.9766666666666667, 'f1-score': 0.7568614788505005, 'support': 1200.0}, 'Pool': {'precision': 0.7672413793103449, 'recall': 0.483695652173913, 'f1-score': 0.5933333333333333, 'support': 184.0}, 'accuracy': 0.8062735595045772, 'macro avg': {'precision': 0.6298469377554582, 'recall': 0.5100430644801868, 'f1-score': 0.522652432186867, 'support': 7428.0}, 'weighted avg': {'precision': 0.7990557496250401, 'recall': 0.8062735595045772, 'f1-score': 0.7743571274617898, 'support': 7428.0}}, {'Exchange': {'precision': 0.8705330990041008, 'recall': 0.9393173198482933, 'f1-score': 0.9036181210094254, 'support': 4746.0}, 'Faucet': {'precision': 0.3333333333333333, 'recall': 0.01, 'f1-score': 0.019417475728155338, 'support': 100.0}, 'Gambling': {'precision': 0.6491228070175439, 'recall': 0.14032869785082175, 'f1-score': 0.23076923076923075, 'support': 791.0}, 'Market': {'precision': 0.5778894472361809, 'recall': 0.8497536945812808, 'f1-score': 0.6879361914257229, 'support': 406.0}, 'Mixer': {'precision': 0.7330985915492958, 'recall': 0.8667776852622814, 'f1-score': 0.7943533002670736, 'support': 1201.0}, 'Pool': {'precision': 0.7931034482758621, 'recall': 0.5, 'f1-score': 0.6133333333333334, 'support': 184.0}, 'accuracy': 0.81421647819063, 'macro avg': {'precision': 0.6595134544027195, 'recall': 0.5510295662571129, 'f1-score': 0.5415712754221569, 'support': 7428.0}, 'weighted avg': {'precision': 0.7995887345273325, 'recall': 0.81421647819063, 'f1-score': 0.7834175487473, 'support': 7428.0}}, {'Exchange': {'precision': 0.8764752163650669, 'recall': 0.9388959123472398, 'f1-score': 0.9066124109867751, 'support': 4746.0}, 'Faucet': {'precision': 0.4, 'recall': 0.020202020202020204, 'f1-score': 0.038461538461538464, 'support': 99.0}, 'Gambling': {'precision': 0.6558441558441559, 'recall': 0.1275252525252525, 'f1-score': 0.2135306553911205, 'support': 792.0}, 'Market': {'precision': 0.6659919028340081, 'recall': 0.8103448275862069, 'f1-score': 0.7311111111111112, 'support': 406.0}, 'Mixer': {'precision': 0.6921618204804045, 'recall': 0.9117402164862615, 'f1-score': 0.7869205892921308, 'support': 1201.0}, 'Pool': {'precision': 0.8623853211009175, 'recall': 0.5108695652173914, 'f1-score': 0.6416382252559728, 'support': 184.0}, 'accuracy': 0.8181206246634356, 'macro avg': {'precision': 0.6921430694374254, 'recall': 0.5532629657273954, 'f1-score': 0.5530457550831082, 'support': 7428.0}, 'weighted avg': {'precision': 0.8049458678415888, 'recall': 0.8181206246634356, 'f1-score': 0.785634174235158, 'support': 7428.0}}], 'fi_list': [], 'train_auc_list': [0.9327628376399392, 0.9422483298327702, 0.9383249431508007, 0.9404817500822471, 0.9393009544922943], 'valid_auc_list': [0.9046598571801931, 0.915943797990213, 0.919130924702284, 0.9279498429176359, 0.9244281933503146], 'y_valid': array([4, 0, 0, ..., 0, 2, 0], dtype=int64), 'y_valid_prob': array([[4.34586704e-02, 7.93493004e-04, 1.50911482e-02, 3.84094240e-03,\n",
      "        9.26532269e-01, 1.02834692e-02],\n",
      "       [9.98788059e-01, 2.98958650e-04, 6.58102741e-04, 6.70820591e-05,\n",
      "        1.22721161e-04, 6.51186856e-05],\n",
      "       [9.98681366e-01, 8.86472626e-05, 1.43214595e-04, 7.80828705e-04,\n",
      "        1.20978926e-04, 1.84981196e-04],\n",
      "       ...,\n",
      "       [9.27285552e-01, 1.04900450e-03, 5.97248040e-02, 7.98731868e-04,\n",
      "        1.09983487e-02, 1.43663783e-04],\n",
      "       [9.71348703e-01, 3.59839032e-04, 2.82740779e-02, 4.65802395e-06,\n",
      "        4.13639640e-07, 1.22665379e-05],\n",
      "       [8.02492738e-01, 4.63245437e-03, 1.88547820e-01, 1.74017344e-03,\n",
      "        1.81988638e-03, 7.66972080e-04]], dtype=float32)}\n"
     ]
    },
    {
     "data": {
