{
 "cells": [
  {
   "cell_type": "code",
   "execution_count": 1,
   "metadata": {},
   "outputs": [],
   "source": [
    "import numpy as np\n",
    "import pandas as pd\n",
    "import yfinance as yf\n",
    "from pyqubo import Array\n",
    "import neal\n",
    "import matplotlib.pyplot as plt\n",
    "import requests\n"
   ]
  },
  {
   "cell_type": "code",
   "execution_count": 5,
   "metadata": {},
   "outputs": [],
   "source": [
    "def download_data(assets, start, end):\n",
    "    data = yf.download(assets, start=start, end=end)\n",
    "    data = data.loc[:,('Adj Close', slice(None))]\n",
    "    data.columns = assets \n",
    "    return data\n",
    "\n",
    "def calculate_expected_returns(data, fillna_method=None, threshold=0.01):\n",
    "    \"\"\"\n",
    "    Calculate the expected returns of the assets, with handling for extreme values and NaN columns.\n",
    "\n",
    "    Args:\n",
    "    data (DataFrame): The input data containing asset prices.\n",
    "    fillna_method (str, optional): Method to handle NaN values ('fillna' to fill, 'median' for median fill, \n",
    "                                   or 'dropna' to drop). Defaults to None.\n",
    "    threshold (float, optional): Threshold for identifying extreme returns, defaults to 1% (0.01).\n",
    "\n",
    "    Returns:\n",
    "    List: A list of expected returns.\n",
    "    \"\"\"\n",
    "    returns = data.pct_change()\n",
    "\n",
    "    # Fill NaN values based on the specified method\n",
    "    if fillna_method == 'fillna':\n",
    "        returns = returns.fillna(method='ffill').fillna(method='bfill')\n",
    "    elif fillna_method == 'median':\n",
    "        returns = returns.fillna(returns.median())\n",
    "    elif fillna_method == 'dropna':\n",
    "        returns = returns.dropna()\n",
    "\n",
    "    # Remove columns that are still all NaN (if any)\n",
    "    returns = returns.dropna(axis=1, how='all')\n",
    "\n",
    "    # Cap and floor extreme returns at the threshold\n",
    "    capped_returns = np.clip(returns, -threshold, threshold)\n",
    "\n",
    "    # Calculate mean, handling any remaining NaN values\n",
    "    return capped_returns.mean().fillna(0).tolist()\n",
    "\n",
    "def calculate_covariance_matrix(data, fillna_method=None, threshold=0.01):\n",
    "    \"\"\"\n",
    "    Calculate the covariance matrix of the assets' returns, with handling for extreme values and NaN columns.\n",
    "\n",
    "    Args:\n",
    "    data (DataFrame): The input data containing asset prices.\n",
    "    fillna_method (str, optional): Method to handle NaN values ('fillna' to fill, 'median' for median fill, \n",
    "                                   or 'dropna' to drop). Defaults to None.\n",
    "    threshold (float, optional): Threshold for identifying extreme returns, defaults to 1% (0.01).\n",
    "\n",
    "    Returns:\n",
    "    List[List]: A 2D list representing the covariance matrix.\n",
    "    \"\"\"\n",
    "    returns = data.pct_change()\n",
    "\n",
    "    # Fill NaN values based on the specified method\n",
    "    if fillna_method == 'fillna':\n",
    "        returns = returns.fillna(method='ffill').fillna(method='bfill')\n",
    "    elif fillna_method == 'median':\n",
    "        returns = returns.fillna(returns.median())\n",
    "    elif fillna_method == 'dropna':\n",
    "        returns = returns.dropna()\n",
    "\n",
    "    # Remove columns that are still all NaN (if any)\n",
    "    returns = returns.dropna(axis=1, how='all')\n",
    "\n",
    "    # Cap and floor extreme returns at the threshold\n",
    "    capped_returns = np.clip(returns, -threshold, threshold)\n",
    "\n",
    "    # Calculate and return the covariance matrix\n",
    "    return capped_returns.cov().values.tolist()\n",
    "\n",
    "def get_latest_prices(data):\n",
    "    return data.iloc[-1].tolist()  # Get the last row of the dataframe, which has the latest prices\n"
   ]
  },
  {
   "cell_type": "code",
   "execution_count": 3,
   "metadata": {},
   "outputs": [],
   "source": [
    "# Project: Portfolio Optimization_Budget constraint\n",
    "class PortfolioQUBO_v1(object):\n",
    "    def __init__(self, assets, E_R, Cov, A, B, theta1, theta2, theta3):\n",
    "        self.theta1 = theta1\n",
    "        self.theta2 = theta2\n",
    "        self.theta3 = theta3\n",
    "        self.assets = len(assets)\n",
    "        self.E_R = E_R  \n",
    "        self.Cov = Cov\n",
    "        self.A = A\n",
    "        self.B = B\n",
    "        self.array = Array.create('asset', shape=(self.assets), vartype='BINARY')\n",
    "\n",
    "    def Return(self):\n",
    "        # Objective: Maximize returns\n",
    "        H = sum(-self.E_R[i] * self.array[i] for i in range(self.assets))\n",
    "        return self.theta1 * H\n",
    "        \n",
    "    def Risk(self):\n",
    "        # Objective: Minimize risk (as measured by portfolio variance)\n",
    "        H = sum(self.Cov[i][j] * self.array[i] * self.array[j] for i in range(self.assets) for j in range(self.assets))\n",
    "        return self.theta2 * H\n",
    "    def Budget(self):\n",
    "        # Constraint: Total budget spent should be close to B\n",
    "        H = sum(self.A[i] * self.array[i] for i in range(self.assets))\n",
    "        return self.theta3 * (H - self.B)**2"
   ]
  },
  {
   "cell_type": "code",
   "execution_count": 6,
   "metadata": {},
   "outputs": [
    {
     "name": "stdout",
     "output_type": "stream",
     "text": [
      "E_R: [-7.246376811594201e-05, 1.2570459970846428e-20, -0.00019406351779261018, -0.00033899105402449415, -0.00014492753623188408, -0.00028985507246376816, -0.00033899105402449415, 0.0007317073170731708, -0.00028985507246376816, 0.0006976744186046512, -7.246376811594204e-05, 0.0, -7.246376811594201e-05, -7.246376811594201e-05, -7.246376811594201e-05, 0.0, -7.246376811594201e-05, -7.246376811594199e-05, 0.0, 0.0, 0.0, 0.0, 0.0, 0.0, -0.0005882352941176471, 0.0, -0.0005882352941176471, -0.0007317073170731707, -0.0002439024390243903, -0.005333333333333333, 0.0007317073170731706, -0.0007317073170731707, -0.0002439024390243903, -0.005333333333333333, 0.0007317073170731706, -0.0007317073170731707, -0.0002439024390243903, -0.005333333333333333, 0.0007317073170731706, -0.0007317073170731707, -0.0002439024390243903, -0.005333333333333333, 0.0007317073170731706, -8.896017825522087e-20, 0.0, 0.0, 0.0, 0.0002564102564102564]\n",
      "Cov: [[3.284142600232731e-05, 1.0218978102189785e-05, 2.175615801620977e-06, 2.165037149341278e-06, 2.17920236961811e-06, 2.168623717338408e-06, -9.513794967447045e-06, 8.268292682926827e-05, -9.510208399449909e-06, 8.349944629014395e-05, 3.2841426002327306e-05, 4e-05, 3.284142600232731e-05, 3.284142600232731e-05, 3.284142600232731e-05, 4e-05, 3.284142600232731e-05, 2.846186395853169e-05, -1.4598540145985402e-06, 4e-05, 0.0, -1.6917361730838036e-24, 0.0, 6.956521739130434e-05, 0.00010588235294117649, 0.00010769230769230772, 0.00010588235294117649, 9.731707317073168e-05, 9.24390243902439e-05, 2.068965517241379e-05, 9.268292682926827e-05, 9.731707317073168e-05, 9.24390243902439e-05, 2.068965517241379e-05, 9.268292682926827e-05, 9.731707317073168e-05, 9.24390243902439e-05, 2.068965517241379e-05, 9.268292682926827e-05, 9.731707317073168e-05, 9.24390243902439e-05, 2.068965517241379e-05, 9.268292682926827e-05, -1.0526315789473686e-05, 5.000000000000001e-05, 0.0002, -8.235294117647061e-06, 1.3360323886639675e-05], [1.0218978102189785e-05, 1.167883211678832e-05, -2.9197080291970813e-06, -2.9197080291970817e-06, -2.9197080291970804e-06, -2.919708029197081e-06, -5.839416058394163e-06, 1.5000000000000002e-05, -5.839416058394163e-06, 1.904761904761905e-05, 1.0218978102189785e-05, 4e-05, 1.0218978102189785e-05, 1.0218978102189785e-05, 1.0218978102189785e-05, 4e-05, 1.0218978102189785e-05, 5.839416058394161e-06, -1.4598540145985402e-06, 4e-05, 0.0, 9.892355588371395e-25, 0.0, 4.347826086956523e-05, 5.588235294117648e-05, 5.3846153846153853e-05, 5.588235294117648e-05, 4.000000000000001e-05, 3.500000000000001e-05, -6.896551724137932e-06, 2.500000000000001e-05, 4.000000000000001e-05, 3.500000000000001e-05, -6.896551724137932e-06, 2.500000000000001e-05, 4.000000000000001e-05, 3.500000000000001e-05, -6.896551724137932e-06, 2.500000000000001e-05, 4.000000000000001e-05, 3.500000000000001e-05, -6.896551724137932e-06, 2.500000000000001e-05, 5.263157894736843e-06, 2.5000000000000005e-05, 0.0002, 0.0, -1.059379217273954e-05], [2.175615801620977e-06, -2.9197080291970813e-06, 0.0001000377102299257, 9.854952577477349e-05, 0.00010020665018314125, 9.871846572798902e-05, 8.687069365798518e-05, 3.3414634146341465e-05, 8.703963361120069e-05, 3.145071982281285e-05, -7.440922275761055e-07, 8e-05, 2.1756158016209764e-06, 2.1756158016209764e-06, 2.1756158016209764e-06, 8e-05, 2.1756158016209764e-06, 5.095323830818057e-06, -2.91970802919708e-06, 8e-05, 0.0002, -1.4598540145985402e-06, 0.0, -2.6086956521739128e-05, -1.7647058823529414e-05, 0.0, -1.7647058823529414e-05, 1.731707317073171e-05, 2.2439024390243904e-05, 4.8275862068965517e-05, 1.2682926829268293e-05, 1.731707317073171e-05, 2.2439024390243904e-05, 4.8275862068965517e-05, 1.2682926829268293e-05, 1.731707317073171e-05, 2.2439024390243904e-05, 4.8275862068965517e-05, 1.2682926829268293e-05, 1.731707317073171e-05, 2.2439024390243904e-05, 4.8275862068965517e-05, 1.2682926829268293e-05, -6.842105263157896e-05, -0.0001, 0.0, 1.4117647058823525e-05, 5.5600539811066143e-05], [2.165037149341278e-06, -2.9197080291970817e-06, 9.854952577477349e-05, 9.995989204425894e-05, 9.872563886398324e-05, 0.00010013600513346871, 8.82810599274707e-05, 3.3414634146341465e-05, 8.845717301668045e-05, 3.145071982281285e-05, 7.051831347427366e-07, 4.000000000000001e-05, 2.1650371493412768e-06, 2.1650371493412768e-06, 2.1650371493412768e-06, 4.000000000000001e-05, 2.1650371493412768e-06, 5.084745178538358e-06, -1.45985401459854e-06, 4.000000000000001e-05, 0.0, 9.432951054976595e-23, 0.0, -2.6086956521739128e-05, -1.7647058823529414e-05, 0.0, -1.7647058823529414e-05, 1.731707317073171e-05, 2.2439024390243904e-05, 4.8275862068965517e-05, 1.2682926829268293e-05, 1.731707317073171e-05, 2.2439024390243904e-05, 4.8275862068965517e-05, 1.2682926829268293e-05, 1.731707317073171e-05, 2.2439024390243904e-05, 4.8275862068965517e-05, 1.2682926829268293e-05, 1.731707317073171e-05, 2.2439024390243904e-05, 4.8275862068965517e-05, 1.2682926829268293e-05, -6.842105263157896e-05, -0.0001, 0.0, 1.4117647058823525e-05, 5.5600539811066143e-05], [2.17920236961811e-06, -2.9197080291970804e-06, 0.00010020665018314125, 9.872563886398324e-05, 0.00010070876970273982, 9.92277583835819e-05, 8.704680674719492e-05, 3.3414634146341465e-05, 8.75489262667936e-05, 3.145071982281285e-05, -7.405056595789683e-07, 8e-05, 2.179202369618109e-06, 2.179202369618109e-06, 2.179202369618109e-06, 8e-05, 2.179202369618109e-06, 5.09891039881519e-06, -2.9197080291970804e-06, 8e-05, 0.0002, -1.4598540145985402e-06, 0.0, -2.6086956521739128e-05, -1.7647058823529414e-05, 0.0, -1.7647058823529414e-05, 1.731707317073171e-05, 2.2439024390243904e-05, 4.8275862068965517e-05, 1.2682926829268293e-05, 1.731707317073171e-05, 2.2439024390243904e-05, 4.8275862068965517e-05, 1.2682926829268293e-05, 1.731707317073171e-05, 2.2439024390243904e-05, 4.8275862068965517e-05, 1.2682926829268293e-05, 1.731707317073171e-05, 2.2439024390243904e-05, 4.8275862068965517e-05, 1.2682926829268293e-05, -6.842105263157896e-05, -0.0001, 0.0, 1.4117647058823523e-05, 5.5600539811066143e-05], [2.168623717338408e-06, -2.919708029197081e-06, 9.871846572798902e-05, 0.00010013600513346871, 9.92277583835819e-05, 0.00010064529778906166, 8.845717301668043e-05, 3.3414634146341465e-05, 8.896646567227334e-05, 3.145071982281285e-05, 7.087697027398711e-07, 4.000000000000001e-05, 2.168623717338408e-06, 2.168623717338408e-06, 2.168623717338408e-06, 4.000000000000001e-05, 2.168623717338408e-06, 5.088331746535489e-06, -1.45985401459854e-06, 4.000000000000001e-05, 0.0, 9.413508230905299e-23, 0.0, -2.6086956521739128e-05, -1.7647058823529414e-05, 0.0, -1.7647058823529414e-05, 1.731707317073171e-05, 2.2439024390243904e-05, 4.8275862068965517e-05, 1.2682926829268293e-05, 1.731707317073171e-05, 2.2439024390243904e-05, 4.8275862068965517e-05, 1.2682926829268293e-05, 1.731707317073171e-05, 2.2439024390243904e-05, 4.8275862068965517e-05, 1.2682926829268293e-05, 1.731707317073171e-05, 2.2439024390243904e-05, 4.8275862068965517e-05, 1.2682926829268293e-05, -6.842105263157896e-05, -0.0001, 0.0, 1.4117647058823525e-05, 5.5600539811066143e-05], [-9.513794967447045e-06, -5.839416058394163e-06, 8.687069365798518e-05, 8.82810599274707e-05, 8.704680674719492e-05, 8.845717301668043e-05, 9.995989204425903e-05, -6.585365853658534e-06, 0.00010013600513346873, -6.6445182724252485e-06, -1.0973648982045585e-05, 4.000000000000001e-05, -9.513794967447045e-06, -9.513794967447045e-06, -9.513794967447045e-06, 4.000000000000001e-05, -9.513794967447045e-06, -5.134232923651425e-06, -1.4598540145985404e-06, 4.000000000000001e-05, 0.0, 1.0026492390278875e-22, 0.0, -6.086956521739132e-05, -5.441176470588236e-05, -4.615384615384616e-05, -5.441176470588236e-05, -2.268292682926829e-05, -1.7560975609756096e-05, 6.896551724137935e-06, -2.7317073170731707e-05, -2.268292682926829e-05, -1.7560975609756096e-05, 6.896551724137935e-06, -2.7317073170731707e-05, -2.268292682926829e-05, -1.7560975609756096e-05, 6.896551724137935e-06, -2.7317073170731707e-05, -2.268292682926829e-05, -1.7560975609756096e-05, 6.896551724137935e-06, -2.7317073170731707e-05, -5.7894736842105253e-05, -0.0001, 0.0, 1.647058823529412e-05, 3.967611336032389e-05], [8.268292682926827e-05, 1.5000000000000002e-05, 3.3414634146341465e-05, 3.3414634146341465e-05, 3.3414634146341465e-05, 3.3414634146341465e-05, -6.585365853658534e-06, 0.00010195121951219514, -6.585365853658534e-06, 0.00010202429149797571, 8.268292682926826e-05, 0.0, 8.268292682926826e-05, 8.268292682926826e-05, 8.268292682926826e-05, 0.0, 8.268292682926826e-05, 8.768292682926826e-05, 0.0, 0.0, nan, 0.0, 0.0, 4.2105263157894745e-05, 5.142857142857142e-05, 6.153846153846155e-05, 5.142857142857142e-05, 7.567567567567568e-05, 8.078078078078079e-05, 4.444444444444445e-05, 7.987987987987988e-05, 7.567567567567568e-05, 8.078078078078079e-05, 4.444444444444445e-05, 7.987987987987988e-05, 7.567567567567568e-05, 8.078078078078079e-05, 4.444444444444445e-05, 7.987987987987988e-05, 7.567567567567568e-05, 8.078078078078079e-05, 4.444444444444445e-05, 7.987987987987988e-05, -3.333333333333333e-05, 0.00010000000000000002, 0.0, -4.285714285714286e-05, 3.1620553359683805e-05], [-9.510208399449909e-06, -5.839416058394163e-06, 8.703963361120069e-05, 8.845717301668045e-05, 8.75489262667936e-05, 8.896646567227334e-05, 0.00010013600513346873, -6.585365853658534e-06, 0.0001006452977890617, -6.6445182724252485e-06, -1.0970062414048449e-05, 4.000000000000001e-05, -9.510208399449907e-06, -9.510208399449907e-06, -9.510208399449907e-06, 4.000000000000001e-05, -9.510208399449907e-06, -5.130646355654293e-06, -1.4598540145985402e-06, 4.000000000000001e-05, 0.0, 1.0007049566207578e-22, 0.0, -6.086956521739132e-05, -5.441176470588236e-05, -4.615384615384616e-05, -5.441176470588236e-05, -2.268292682926829e-05, -1.7560975609756096e-05, 6.896551724137935e-06, -2.7317073170731707e-05, -2.268292682926829e-05, -1.7560975609756096e-05, 6.896551724137935e-06, -2.7317073170731707e-05, -2.268292682926829e-05, -1.7560975609756096e-05, 6.896551724137935e-06, -2.7317073170731707e-05, -2.268292682926829e-05, -1.7560975609756096e-05, 6.896551724137935e-06, -2.7317073170731707e-05, -5.7894736842105253e-05, -0.0001, 0.0, 1.647058823529412e-05, 3.967611336032389e-05], [8.349944629014395e-05, 1.904761904761905e-05, 3.145071982281285e-05, 3.145071982281285e-05, 3.145071982281285e-05, 3.145071982281285e-05, -6.6445182724252485e-06, 0.00010202429149797571, -6.6445182724252485e-06, 0.0001018826135105205, 8.349944629014395e-05, 0.0, 8.349944629014395e-05, 8.349944629014395e-05, 8.349944629014395e-05, 0.0, 8.349944629014395e-05, 8.826135105204869e-05, 0.0, 0.0, nan, 0.0, 0.0, 5.217391304347826e-05, 5.735294117647059e-05, 6.153846153846155e-05, 5.735294117647059e-05, 7.692307692307691e-05, 8.178137651821862e-05, 4.444444444444444e-05, 8.097165991902833e-05, 7.692307692307691e-05, 8.178137651821862e-05, 4.444444444444444e-05, 8.097165991902833e-05, 7.692307692307691e-05, 8.178137651821862e-05, 4.444444444444444e-05, 8.097165991902833e-05, 7.692307692307691e-05, 8.178137651821862e-05, 4.444444444444444e-05, 8.097165991902833e-05, -3.333333333333333e-05, 0.00010000000000000002, 0.0, -3.2500000000000004e-05, 3.1620553359683805e-05], [3.2841426002327306e-05, 1.0218978102189785e-05, -7.440922275761055e-07, 7.051831347427366e-07, -7.405056595789683e-07, 7.087697027398711e-07, -1.0973648982045585e-05, 8.268292682926826e-05, -1.0970062414048449e-05, 8.349944629014395e-05, 3.57611340315244e-05, -4.000000000000001e-05, 3.2841426002327306e-05, 3.2841426002327306e-05, 3.2841426002327306e-05, -4.000000000000001e-05, 3.2841426002327306e-05, 2.8461863958531694e-05, 1.4598540145985404e-06, -4.000000000000001e-05, -0.0002, 1.4598540145985404e-06, 0.0, 6.956521739130434e-05, 0.00010588235294117649, 0.00010769230769230772, 0.00010588235294117649, 9.731707317073168e-05, 9.24390243902439e-05, 2.068965517241379e-05, 9.268292682926827e-05, 9.731707317073168e-05, 9.24390243902439e-05, 2.068965517241379e-05, 9.268292682926827e-05, 9.731707317073168e-05, 9.24390243902439e-05, 2.068965517241379e-05, 9.268292682926827e-05, 9.731707317073168e-05, 9.24390243902439e-05, 2.068965517241379e-05, 9.268292682926827e-05, -1.0526315789473686e-05, 5.000000000000001e-05, 0.0002, -9.411764705882356e-06, 1.5924426450742248e-05], [4e-05, 4e-05, 8e-05, 4.000000000000001e-05, 8e-05, 4.000000000000001e-05, 4.000000000000001e-05, 0.0, 4.000000000000001e-05, 0.0, -4.000000000000001e-05, 0.00012000000000000002, 4e-05, 4e-05, 4e-05, 0.00012000000000000002, 4e-05, 0.0, -0.00012000000000000002, 0.00012000000000000002, 0.0002, -4e-05, 0.0, 0.0, 0.0002, 0.0002, 0.0002, 0.0002, 0.0002, -0.0002, 0.0, 0.0002, 0.0002, -0.0002, 0.0, 0.0002, 0.0002, -0.0002, 0.0, 0.0002, 0.0002, -0.0002, 0.0, nan, nan, 0.0002, 3.333333333333333e-05, 0.0], [3.284142600232731e-05, 1.0218978102189785e-05, 2.1756158016209764e-06, 2.1650371493412768e-06, 2.179202369618109e-06, 2.168623717338408e-06, -9.513794967447045e-06, 8.268292682926826e-05, -9.510208399449907e-06, 8.349944629014395e-05, 3.2841426002327306e-05, 4e-05, 3.284142600232731e-05, 3.284142600232731e-05, 3.284142600232731e-05, 4e-05, 3.284142600232731e-05, 2.846186395853169e-05, -1.4598540145985402e-06, 4e-05, 0.0, -1.6917361730838036e-24, 0.0, 6.956521739130434e-05, 0.00010588235294117649, 0.00010769230769230772, 0.00010588235294117649, 9.731707317073168e-05, 9.24390243902439e-05, 2.068965517241379e-05, 9.268292682926827e-05, 9.731707317073168e-05, 9.24390243902439e-05, 2.068965517241379e-05, 9.268292682926827e-05, 9.731707317073168e-05, 9.24390243902439e-05, 2.068965517241379e-05, 9.268292682926827e-05, 9.731707317073168e-05, 9.24390243902439e-05, 2.068965517241379e-05, 9.268292682926827e-05, -1.0526315789473686e-05, 5.000000000000001e-05, 0.0002, -8.235294117647061e-06, 1.3360323886639675e-05], [3.284142600232731e-05, 1.0218978102189785e-05, 2.1756158016209764e-06, 2.1650371493412768e-06, 2.179202369618109e-06, 2.168623717338408e-06, -9.513794967447045e-06, 8.268292682926826e-05, -9.510208399449907e-06, 8.349944629014395e-05, 3.2841426002327306e-05, 4e-05, 3.284142600232731e-05, 3.284142600232731e-05, 3.284142600232731e-05, 4e-05, 3.284142600232731e-05, 2.846186395853169e-05, -1.4598540145985402e-06, 4e-05, 0.0, -1.6917361730838036e-24, 0.0, 6.956521739130434e-05, 0.00010588235294117649, 0.00010769230769230772, 0.00010588235294117649, 9.731707317073168e-05, 9.24390243902439e-05, 2.068965517241379e-05, 9.268292682926827e-05, 9.731707317073168e-05, 9.24390243902439e-05, 2.068965517241379e-05, 9.268292682926827e-05, 9.731707317073168e-05, 9.24390243902439e-05, 2.068965517241379e-05, 9.268292682926827e-05, 9.731707317073168e-05, 9.24390243902439e-05, 2.068965517241379e-05, 9.268292682926827e-05, -1.0526315789473686e-05, 5.000000000000001e-05, 0.0002, -8.235294117647061e-06, 1.3360323886639675e-05], [3.284142600232731e-05, 1.0218978102189785e-05, 2.1756158016209764e-06, 2.1650371493412768e-06, 2.179202369618109e-06, 2.168623717338408e-06, -9.513794967447045e-06, 8.268292682926826e-05, -9.510208399449907e-06, 8.349944629014395e-05, 3.2841426002327306e-05, 4e-05, 3.284142600232731e-05, 3.284142600232731e-05, 3.284142600232731e-05, 4e-05, 3.284142600232731e-05, 2.846186395853169e-05, -1.4598540145985402e-06, 4e-05, 0.0, -1.6917361730838036e-24, 0.0, 6.956521739130434e-05, 0.00010588235294117649, 0.00010769230769230772, 0.00010588235294117649, 9.731707317073168e-05, 9.24390243902439e-05, 2.068965517241379e-05, 9.268292682926827e-05, 9.731707317073168e-05, 9.24390243902439e-05, 2.068965517241379e-05, 9.268292682926827e-05, 9.731707317073168e-05, 9.24390243902439e-05, 2.068965517241379e-05, 9.268292682926827e-05, 9.731707317073168e-05, 9.24390243902439e-05, 2.068965517241379e-05, 9.268292682926827e-05, -1.0526315789473686e-05, 5.000000000000001e-05, 0.0002, -8.235294117647061e-06, 1.3360323886639675e-05], [4e-05, 4e-05, 8e-05, 4.000000000000001e-05, 8e-05, 4.000000000000001e-05, 4.000000000000001e-05, 0.0, 4.000000000000001e-05, 0.0, -4.000000000000001e-05, 0.00012000000000000002, 4e-05, 4e-05, 4e-05, 0.00012000000000000002, 4e-05, 0.0, -0.00012000000000000002, 0.00012000000000000002, 0.0002, -4e-05, 0.0, 0.0, 0.0002, 0.0002, 0.0002, 0.0002, 0.0002, -0.0002, 0.0, 0.0002, 0.0002, -0.0002, 0.0, 0.0002, 0.0002, -0.0002, 0.0, 0.0002, 0.0002, -0.0002, 0.0, nan, nan, 0.0002, 3.333333333333333e-05, 0.0], [3.284142600232731e-05, 1.0218978102189785e-05, 2.1756158016209764e-06, 2.1650371493412768e-06, 2.179202369618109e-06, 2.168623717338408e-06, -9.513794967447045e-06, 8.268292682926826e-05, -9.510208399449907e-06, 8.349944629014395e-05, 3.2841426002327306e-05, 4e-05, 3.284142600232731e-05, 3.284142600232731e-05, 3.284142600232731e-05, 4e-05, 3.284142600232731e-05, 2.846186395853169e-05, -1.4598540145985402e-06, 4e-05, 0.0, -1.6917361730838036e-24, 0.0, 6.956521739130434e-05, 0.00010588235294117649, 0.00010769230769230772, 0.00010588235294117649, 9.731707317073168e-05, 9.24390243902439e-05, 2.068965517241379e-05, 9.268292682926827e-05, 9.731707317073168e-05, 9.24390243902439e-05, 2.068965517241379e-05, 9.268292682926827e-05, 9.731707317073168e-05, 9.24390243902439e-05, 2.068965517241379e-05, 9.268292682926827e-05, 9.731707317073168e-05, 9.24390243902439e-05, 2.068965517241379e-05, 9.268292682926827e-05, -1.0526315789473686e-05, 5.000000000000001e-05, 0.0002, -8.235294117647061e-06, 1.3360323886639675e-05], [2.846186395853169e-05, 5.839416058394161e-06, 5.095323830818057e-06, 5.084745178538358e-06, 5.09891039881519e-06, 5.088331746535489e-06, -5.134232923651425e-06, 8.768292682926826e-05, -5.130646355654293e-06, 8.826135105204869e-05, 2.8461863958531694e-05, 0.0, 2.846186395853169e-05, 2.846186395853169e-05, 2.846186395853169e-05, 0.0, 2.846186395853169e-05, 3.1381571987728764e-05, -8.386997129271398e-25, 0.0, 0.0, -1.2589456160925554e-24, 0.0, 4.347826086956523e-05, 8.088235294117646e-05, 7.692307692307693e-05, 8.088235294117646e-05, 8.23170731707317e-05, 7.743902439024391e-05, 3.448275862068965e-05, 8.768292682926829e-05, 8.23170731707317e-05, 7.743902439024391e-05, 3.448275862068965e-05, 8.768292682926829e-05, 8.23170731707317e-05, 7.743902439024391e-05, 3.448275862068965e-05, 8.768292682926829e-05, 8.23170731707317e-05, 7.743902439024391e-05, 3.448275862068965e-05, 8.768292682926829e-05, -1.3157894736842108e-05, 5.000000000000001e-05, 0.0, -8.235294117647061e-06, 2.1187584345479087e-05], [-1.4598540145985402e-06, -1.4598540145985402e-06, -2.91970802919708e-06, -1.45985401459854e-06, -2.9197080291970804e-06, -1.45985401459854e-06, -1.4598540145985404e-06, 0.0, -1.4598540145985402e-06, 0.0, 1.4598540145985404e-06, -0.00012000000000000002, -1.4598540145985402e-06, -1.4598540145985402e-06, -1.4598540145985402e-06, -0.00012000000000000002, -1.4598540145985402e-06, -8.386997129271398e-25, 4.379562043795621e-06, -0.00012000000000000002, -0.0002, 1.4598540145985402e-06, 0.0, 0.0, -1.2500000000000002e-05, -1.5384615384615384e-05, -1.2500000000000002e-05, -4.9999999999999996e-06, -5e-06, 6.896551724137931e-06, 0.0, -4.9999999999999996e-06, -5e-06, 6.896551724137931e-06, 0.0, -4.9999999999999996e-06, -5e-06, 6.896551724137931e-06, 0.0, -4.9999999999999996e-06, -5e-06, 6.896551724137931e-06, 0.0, 2.631578947368421e-06, 0.0, -0.0002, -1.1764705882352942e-06, 5.12820512820513e-06], [4e-05, 4e-05, 8e-05, 4.000000000000001e-05, 8e-05, 4.000000000000001e-05, 4.000000000000001e-05, 0.0, 4.000000000000001e-05, 0.0, -4.000000000000001e-05, 0.00012000000000000002, 4e-05, 4e-05, 4e-05, 0.00012000000000000002, 4e-05, 0.0, -0.00012000000000000002, 0.00012000000000000002, 0.0002, -4e-05, 0.0, 0.0, 0.0002, 0.0002, 0.0002, 0.0002, 0.0002, -0.0002, 0.0, 0.0002, 0.0002, -0.0002, 0.0, 0.0002, 0.0002, -0.0002, 0.0, 0.0002, 0.0002, -0.0002, 0.0, nan, nan, 0.0002, 3.333333333333333e-05, 0.0], [0.0, 0.0, 0.0002, 0.0, 0.0002, 0.0, 0.0, nan, 0.0, nan, -0.0002, 0.0002, 0.0, 0.0, 0.0, 0.0002, 0.0, 0.0, -0.0002, 0.0002, 0.0002, -0.0002, 0.0, nan, nan, nan, nan, nan, nan, nan, nan, nan, nan, nan, nan, nan, nan, nan, nan, nan, nan, nan, nan, nan, nan, nan, 0.0001, nan], [-1.6917361730838036e-24, 9.892355588371395e-25, -1.4598540145985402e-06, 9.432951054976595e-23, -1.4598540145985402e-06, 9.413508230905299e-23, 1.0026492390278875e-22, 0.0, 1.0007049566207578e-22, 0.0, 1.4598540145985404e-06, -4e-05, -1.6917361730838036e-24, -1.6917361730838036e-24, -1.6917361730838036e-24, -4e-05, -1.6917361730838036e-24, -1.2589456160925554e-24, 1.4598540145985402e-06, -4e-05, -0.0002, 1.4598540145985402e-06, 0.0, 0.0, 0.0, 0.0, 0.0, 0.0, 0.0, 0.0, 0.0, 0.0, 0.0, 0.0, 0.0, 0.0, 0.0, 0.0, 0.0, 0.0, 0.0, 0.0, 0.0, 0.0, 0.0, 0.0, -1.1764705882352942e-06, 2.564102564102565e-06], [0.0, 0.0, 0.0, 0.0, 0.0, 0.0, 0.0, 0.0, 0.0, 0.0, 0.0, 0.0, 0.0, 0.0, 0.0, 0.0, 0.0, 0.0, 0.0, 0.0, 0.0, 0.0, 0.0, 0.0, 0.0, 0.0, 0.0, 0.0, 0.0, 0.0, 0.0, 0.0, 0.0, 0.0, 0.0, 0.0, 0.0, 0.0, 0.0, 0.0, 0.0, 0.0, 0.0, 0.0, 0.0, 0.0, 0.0, 0.0], [6.956521739130434e-05, 4.347826086956523e-05, -2.6086956521739128e-05, -2.6086956521739128e-05, -2.6086956521739128e-05, -2.6086956521739128e-05, -6.086956521739132e-05, 4.2105263157894745e-05, -6.086956521739132e-05, 5.217391304347826e-05, 6.956521739130434e-05, 0.0, 6.956521739130434e-05, 6.956521739130434e-05, 6.956521739130434e-05, 0.0, 6.956521739130434e-05, 4.347826086956523e-05, 0.0, 0.0, nan, 0.0, 0.0, 0.00010434782608695655, 5.588235294117647e-05, 4.615384615384615e-05, 5.588235294117647e-05, 7.82608695652174e-05, 8.695652173913041e-05, 2.1052631578947372e-05, 6.956521739130438e-05, 7.82608695652174e-05, 8.695652173913041e-05, 2.1052631578947372e-05, 6.956521739130438e-05, 7.82608695652174e-05, 8.695652173913041e-05, 2.1052631578947372e-05, 6.956521739130438e-05, 7.82608695652174e-05, 8.695652173913041e-05, 2.1052631578947372e-05, 6.956521739130438e-05, 2.4999999999999998e-05, 0.0001, 0.0, -3.3333333333333335e-05, -1.8181818181818182e-05], [0.00010588235294117649, 5.588235294117648e-05, -1.7647058823529414e-05, -1.7647058823529414e-05, -1.7647058823529414e-05, -1.7647058823529414e-05, -5.441176470588236e-05, 5.142857142857142e-05, -5.441176470588236e-05, 5.735294117647059e-05, 0.00010588235294117649, 0.0002, 0.00010588235294117649, 0.00010588235294117649, 0.00010588235294117649, 0.0002, 0.00010588235294117649, 8.088235294117646e-05, -1.2500000000000002e-05, 0.0002, nan, 0.0, 0.0, 5.588235294117647e-05, 0.00010588235294117649, 0.00010769230769230772, 0.00010588235294117649, 9.26470588235294e-05, 8.088235294117648e-05, 2.9411764705882333e-06, 8.235294117647061e-05, 9.26470588235294e-05, 8.088235294117648e-05, 2.9411764705882333e-06, 8.235294117647061e-05, 9.26470588235294e-05, 8.088235294117648e-05, 2.9411764705882333e-06, 8.235294117647061e-05, 9.26470588235294e-05, 8.088235294117648e-05, 2.9411764705882333e-06, 8.235294117647061e-05, -9.999999999999999e-05, 0.0001, 0.0002, -3.3333333333333335e-05, 3.571428571428572e-05], [0.00010769230769230772, 5.3846153846153853e-05, 0.0, 0.0, 0.0, 0.0, -4.615384615384616e-05, 6.153846153846155e-05, -4.615384615384616e-05, 6.153846153846155e-05, 0.00010769230769230772, 0.0002, 0.00010769230769230772, 0.00010769230769230772, 0.00010769230769230772, 0.0002, 0.00010769230769230772, 7.692307692307693e-05, -1.5384615384615384e-05, 0.0002, nan, 0.0, 0.0, 4.615384615384615e-05, 0.00010769230769230772, 0.00010769230769230772, 0.00010769230769230772, 9.230769230769232e-05, 7.692307692307694e-05, 0.0, 7.692307692307693e-05, 9.230769230769232e-05, 7.692307692307694e-05, 0.0, 7.692307692307693e-05, 9.230769230769232e-05, 7.692307692307694e-05, 0.0, 7.692307692307693e-05, 9.230769230769232e-05, 7.692307692307694e-05, 0.0, 7.692307692307693e-05, -9.999999999999999e-05, 0.0001, 0.0002, nan, 3.80952380952381e-05], [0.00010588235294117649, 5.588235294117648e-05, -1.7647058823529414e-05, -1.7647058823529414e-05, -1.7647058823529414e-05, -1.7647058823529414e-05, -5.441176470588236e-05, 5.142857142857142e-05, -5.441176470588236e-05, 5.735294117647059e-05, 0.00010588235294117649, 0.0002, 0.00010588235294117649, 0.00010588235294117649, 0.00010588235294117649, 0.0002, 0.00010588235294117649, 8.088235294117646e-05, -1.2500000000000002e-05, 0.0002, nan, 0.0, 0.0, 5.588235294117647e-05, 0.00010588235294117649, 0.00010769230769230772, 0.00010588235294117649, 9.26470588235294e-05, 8.088235294117648e-05, 2.9411764705882333e-06, 8.235294117647061e-05, 9.26470588235294e-05, 8.088235294117648e-05, 2.9411764705882333e-06, 8.235294117647061e-05, 9.26470588235294e-05, 8.088235294117648e-05, 2.9411764705882333e-06, 8.235294117647061e-05, 9.26470588235294e-05, 8.088235294117648e-05, 2.9411764705882333e-06, 8.235294117647061e-05, -9.999999999999999e-05, 0.0001, 0.0002, -3.3333333333333335e-05, 3.571428571428572e-05], [9.731707317073168e-05, 4.000000000000001e-05, 1.731707317073171e-05, 1.731707317073171e-05, 1.731707317073171e-05, 1.731707317073171e-05, -2.268292682926829e-05, 7.567567567567568e-05, -2.268292682926829e-05, 7.692307692307691e-05, 9.731707317073168e-05, 0.0002, 9.731707317073168e-05, 9.731707317073168e-05, 9.731707317073168e-05, 0.0002, 9.731707317073168e-05, 8.23170731707317e-05, -4.9999999999999996e-06, 0.0002, nan, 0.0, 0.0, 7.82608695652174e-05, 9.26470588235294e-05, 9.230769230769232e-05, 9.26470588235294e-05, 0.00010195121951219515, 9.731707317073168e-05, 2.390804597701149e-05, 8.804878048780489e-05, 0.00010195121951219515, 9.731707317073168e-05, 2.390804597701149e-05, 8.804878048780489e-05, 0.00010195121951219515, 9.731707317073168e-05, 2.390804597701149e-05, 8.804878048780489e-05, 0.00010195121951219515, 9.731707317073168e-05, 2.390804597701149e-05, 8.804878048780489e-05, -3.333333333333333e-05, 0.00010000000000000002, 0.0002, -5.934065934065935e-05, 2.8571428571428567e-05], [9.24390243902439e-05, 3.500000000000001e-05, 2.2439024390243904e-05, 2.2439024390243904e-05, 2.2439024390243904e-05, 2.2439024390243904e-05, -1.7560975609756096e-05, 8.078078078078079e-05, -1.7560975609756096e-05, 8.178137651821862e-05, 9.24390243902439e-05, 0.0002, 9.24390243902439e-05, 9.24390243902439e-05, 9.24390243902439e-05, 0.0002, 9.24390243902439e-05, 7.743902439024391e-05, -5e-06, 0.0002, nan, 0.0, 0.0, 8.695652173913041e-05, 8.088235294117648e-05, 7.692307692307694e-05, 8.088235294117648e-05, 9.731707317073168e-05, 0.0001024390243902439, 3.4482758620689657e-05, 8.268292682926827e-05, 9.731707317073168e-05, 0.0001024390243902439, 3.4482758620689657e-05, 8.268292682926827e-05, 9.731707317073168e-05, 0.0001024390243902439, 3.4482758620689657e-05, 8.268292682926827e-05, 9.731707317073168e-05, 0.0001024390243902439, 3.4482758620689657e-05, 8.268292682926827e-05, -3.333333333333333e-05, 0.00010000000000000002, 0.0002, -5.934065934065935e-05, 2.8571428571428567e-05], [2.068965517241379e-05, -6.896551724137932e-06, 4.8275862068965517e-05, 4.8275862068965517e-05, 4.8275862068965517e-05, 4.8275862068965517e-05, 6.896551724137935e-06, 4.444444444444445e-05, 6.896551724137935e-06, 4.444444444444444e-05, 2.068965517241379e-05, -0.0002, 2.068965517241379e-05, 2.068965517241379e-05, 2.068965517241379e-05, -0.0002, 2.068965517241379e-05, 3.448275862068965e-05, 6.896551724137931e-06, -0.0002, nan, 0.0, 0.0, 2.1052631578947372e-05, 2.9411764705882333e-06, 0.0, 2.9411764705882333e-06, 2.390804597701149e-05, 3.4482758620689657e-05, 7.402298850574712e-05, 2.8045977011494257e-05, 2.39080459770115e-05, 3.4482758620689657e-05, 7.402298850574712e-05, 2.8045977011494257e-05, 2.39080459770115e-05, 3.4482758620689657e-05, 7.402298850574712e-05, 2.8045977011494257e-05, 2.39080459770115e-05, 3.4482758620689657e-05, 7.402298850574712e-05, 2.8045977011494257e-05, -4.444444444444444e-05, 0.0, -0.0002, -3.0555555555555554e-05, 5e-05], [9.268292682926827e-05, 2.500000000000001e-05, 1.2682926829268293e-05, 1.2682926829268293e-05, 1.2682926829268293e-05, 1.2682926829268293e-05, -2.7317073170731707e-05, 7.987987987987988e-05, -2.7317073170731707e-05, 8.097165991902833e-05, 9.268292682926827e-05, 0.0, 9.268292682926827e-05, 9.268292682926827e-05, 9.268292682926827e-05, 0.0, 9.268292682926827e-05, 8.768292682926829e-05, 0.0, 0.0, nan, 0.0, 0.0, 6.956521739130438e-05, 8.235294117647061e-05, 7.692307692307693e-05, 8.235294117647061e-05, 8.804878048780489e-05, 8.268292682926827e-05, 2.8045977011494257e-05, 0.00010195121951219514, 8.804878048780489e-05, 8.268292682926827e-05, 2.8045977011494257e-05, 0.00010195121951219514, 8.804878048780489e-05, 8.268292682926827e-05, 2.8045977011494257e-05, 0.00010195121951219514, 8.804878048780489e-05, 8.268292682926827e-05, 2.8045977011494257e-05, 0.00010195121951219514, -3.333333333333333e-05, 0.00010000000000000002, 0.0, -5.934065934065935e-05, 3.80952380952381e-05], [9.731707317073168e-05, 4.000000000000001e-05, 1.731707317073171e-05, 1.731707317073171e-05, 1.731707317073171e-05, 1.731707317073171e-05, -2.268292682926829e-05, 7.567567567567568e-05, -2.268292682926829e-05, 7.692307692307691e-05, 9.731707317073168e-05, 0.0002, 9.731707317073168e-05, 9.731707317073168e-05, 9.731707317073168e-05, 0.0002, 9.731707317073168e-05, 8.23170731707317e-05, -4.9999999999999996e-06, 0.0002, nan, 0.0, 0.0, 7.82608695652174e-05, 9.26470588235294e-05, 9.230769230769232e-05, 9.26470588235294e-05, 0.00010195121951219515, 9.731707317073168e-05, 2.39080459770115e-05, 8.804878048780489e-05, 0.00010195121951219515, 9.731707317073168e-05, 2.390804597701149e-05, 8.804878048780489e-05, 0.00010195121951219515, 9.731707317073168e-05, 2.390804597701149e-05, 8.804878048780489e-05, 0.00010195121951219515, 9.731707317073168e-05, 2.390804597701149e-05, 8.804878048780489e-05, -3.333333333333333e-05, 0.00010000000000000002, 0.0002, -5.934065934065935e-05, 2.8571428571428567e-05], [9.24390243902439e-05, 3.500000000000001e-05, 2.2439024390243904e-05, 2.2439024390243904e-05, 2.2439024390243904e-05, 2.2439024390243904e-05, -1.7560975609756096e-05, 8.078078078078079e-05, -1.7560975609756096e-05, 8.178137651821862e-05, 9.24390243902439e-05, 0.0002, 9.24390243902439e-05, 9.24390243902439e-05, 9.24390243902439e-05, 0.0002, 9.24390243902439e-05, 7.743902439024391e-05, -5e-06, 0.0002, nan, 0.0, 0.0, 8.695652173913041e-05, 8.088235294117648e-05, 7.692307692307694e-05, 8.088235294117648e-05, 9.731707317073168e-05, 0.0001024390243902439, 3.4482758620689657e-05, 8.268292682926827e-05, 9.731707317073168e-05, 0.0001024390243902439, 3.4482758620689657e-05, 8.268292682926827e-05, 9.731707317073168e-05, 0.0001024390243902439, 3.4482758620689657e-05, 8.268292682926827e-05, 9.731707317073168e-05, 0.0001024390243902439, 3.4482758620689657e-05, 8.268292682926827e-05, -3.333333333333333e-05, 0.00010000000000000002, 0.0002, -5.934065934065935e-05, 2.8571428571428567e-05], [2.068965517241379e-05, -6.896551724137932e-06, 4.8275862068965517e-05, 4.8275862068965517e-05, 4.8275862068965517e-05, 4.8275862068965517e-05, 6.896551724137935e-06, 4.444444444444445e-05, 6.896551724137935e-06, 4.444444444444444e-05, 2.068965517241379e-05, -0.0002, 2.068965517241379e-05, 2.068965517241379e-05, 2.068965517241379e-05, -0.0002, 2.068965517241379e-05, 3.448275862068965e-05, 6.896551724137931e-06, -0.0002, nan, 0.0, 0.0, 2.1052631578947372e-05, 2.9411764705882333e-06, 0.0, 2.9411764705882333e-06, 2.390804597701149e-05, 3.4482758620689657e-05, 7.402298850574712e-05, 2.8045977011494257e-05, 2.390804597701149e-05, 3.4482758620689657e-05, 7.402298850574712e-05, 2.8045977011494257e-05, 2.39080459770115e-05, 3.4482758620689657e-05, 7.402298850574712e-05, 2.8045977011494257e-05, 2.39080459770115e-05, 3.4482758620689657e-05, 7.402298850574712e-05, 2.8045977011494257e-05, -4.444444444444444e-05, 0.0, -0.0002, -3.0555555555555554e-05, 5e-05], [9.268292682926827e-05, 2.500000000000001e-05, 1.2682926829268293e-05, 1.2682926829268293e-05, 1.2682926829268293e-05, 1.2682926829268293e-05, -2.7317073170731707e-05, 7.987987987987988e-05, -2.7317073170731707e-05, 8.097165991902833e-05, 9.268292682926827e-05, 0.0, 9.268292682926827e-05, 9.268292682926827e-05, 9.268292682926827e-05, 0.0, 9.268292682926827e-05, 8.768292682926829e-05, 0.0, 0.0, nan, 0.0, 0.0, 6.956521739130438e-05, 8.235294117647061e-05, 7.692307692307693e-05, 8.235294117647061e-05, 8.804878048780489e-05, 8.268292682926827e-05, 2.8045977011494257e-05, 0.00010195121951219514, 8.804878048780489e-05, 8.268292682926827e-05, 2.8045977011494257e-05, 0.00010195121951219514, 8.804878048780489e-05, 8.268292682926827e-05, 2.8045977011494257e-05, 0.00010195121951219514, 8.804878048780489e-05, 8.268292682926827e-05, 2.8045977011494257e-05, 0.00010195121951219514, -3.333333333333333e-05, 0.00010000000000000002, 0.0, -5.934065934065935e-05, 3.80952380952381e-05], [9.731707317073168e-05, 4.000000000000001e-05, 1.731707317073171e-05, 1.731707317073171e-05, 1.731707317073171e-05, 1.731707317073171e-05, -2.268292682926829e-05, 7.567567567567568e-05, -2.268292682926829e-05, 7.692307692307691e-05, 9.731707317073168e-05, 0.0002, 9.731707317073168e-05, 9.731707317073168e-05, 9.731707317073168e-05, 0.0002, 9.731707317073168e-05, 8.23170731707317e-05, -4.9999999999999996e-06, 0.0002, nan, 0.0, 0.0, 7.82608695652174e-05, 9.26470588235294e-05, 9.230769230769232e-05, 9.26470588235294e-05, 0.00010195121951219515, 9.731707317073168e-05, 2.39080459770115e-05, 8.804878048780489e-05, 0.00010195121951219515, 9.731707317073168e-05, 2.39080459770115e-05, 8.804878048780489e-05, 0.00010195121951219515, 9.731707317073168e-05, 2.390804597701149e-05, 8.804878048780489e-05, 0.00010195121951219515, 9.731707317073168e-05, 2.390804597701149e-05, 8.804878048780489e-05, -3.333333333333333e-05, 0.00010000000000000002, 0.0002, -5.934065934065935e-05, 2.8571428571428567e-05], [9.24390243902439e-05, 3.500000000000001e-05, 2.2439024390243904e-05, 2.2439024390243904e-05, 2.2439024390243904e-05, 2.2439024390243904e-05, -1.7560975609756096e-05, 8.078078078078079e-05, -1.7560975609756096e-05, 8.178137651821862e-05, 9.24390243902439e-05, 0.0002, 9.24390243902439e-05, 9.24390243902439e-05, 9.24390243902439e-05, 0.0002, 9.24390243902439e-05, 7.743902439024391e-05, -5e-06, 0.0002, nan, 0.0, 0.0, 8.695652173913041e-05, 8.088235294117648e-05, 7.692307692307694e-05, 8.088235294117648e-05, 9.731707317073168e-05, 0.0001024390243902439, 3.4482758620689657e-05, 8.268292682926827e-05, 9.731707317073168e-05, 0.0001024390243902439, 3.4482758620689657e-05, 8.268292682926827e-05, 9.731707317073168e-05, 0.0001024390243902439, 3.4482758620689657e-05, 8.268292682926827e-05, 9.731707317073168e-05, 0.0001024390243902439, 3.4482758620689657e-05, 8.268292682926827e-05, -3.333333333333333e-05, 0.0001